ID	PhotoDate	PhotoTime	Cohort	Arm          Upper	Arm          Lower	Leg             Upper	Leg             Lower	Head               Length	Head Width	Trunk Length	Trunk Width	Tail Length	Tail Width	
P1030053.JPG	5/25/2013	2046	1	5.083240404	4.383252788	2.843741198	4.271034535	7.727308069	8.206080916	25.366	8.040597615	NA	4.837033492	
P1030054.JPG	5/25/2013	2050	1	4.901	5.077026689	2.165750216	7.378687756	8.487703341	8.566983366	32.17005704	9.992690228	NA	5.903596616	
P1030055.JPG	5/25/2013	2052	1	2.220540925	4.993433788	2.92127592	4.973697417	6.736739642	7.707399691	25.63883268	6.234468382	31.11465353	3.867228982	
P1030057.JPG	5/25/2013	2054	1	4.403546298	6.005587815	2.47547349	6.329259119	7.956352493	8.613167652	27.61635177	9.340301333	41.433	5.074246348	
P1030058.JPG	5/25/2013	2057	1	3.992222063	5.018771364	3.269426861	5.487010479	7.603228919	7.740876242	30.58113696	7.596919639	36.067	4.652529742	
P1030059.JPG	5/25/2013	2100	1	4.502398139	4.644396732	3.307408804	4.405153913	7.82560905	8.010170785	26.81123421	7.098621909	31.932	4.342766975	
P1030060.JPG	5/25/2013	2101	1	4.37392604	5.080101279	3.283086962	4.243511989	8.657878782	8.450463478	27.94158295	8.415	35.328	4.837692115	
P1030061.JPG	5/25/2013	2105	1	5.040198409	5.544329085	3.403614109	5.898114275	7.576163805	7.988947928	30.94797158	8.239247053	NA	5.058	
P1030062.JPG	5/25/2013	2110	1	4.178490158	5.296597493	3.267500115	5.311425891	7.210159568	7.497580476	26.21056474	6.798732235	34.09659787	4.361752973	
P1030063.JPG	5/25/2013	2114	1	4.020066915	5.394965524	2.609	5.720492724	9.272035915	8.736620056	28.81495829	8.869	40.135	5.323016062	
P1030065.JPG	5/25/2013	2119	1	4.723003494	5.457404695	2.728888602	5.22882549	8.470720926	8.487178624	26.34349227	7.13246381	35.507	4.68800224	
P1030066.JPG	5/25/2013	2121	1	5.06532072	5.252647523	1.959763506	4.540998238	10.11764978	9.020721257	28.85501331	8.845500382	42.78	5.702813779	
P1030067.JPG	5/25/2013	2122	1	3.101213472	5.610138144	2.923609584	4.564271793	7.9916813	8.990578179	26.99419747	8.526012081	36.421	4.884138102	
P1030069.JPG	5/25/2013	2124	1	3.884865506	4.96725246	3.023482264	4.912534987	7.357512215	7.981584116	27.86004889	7.459859851	37.316	4.755219448	
P1030070.JPG	5/25/2013	2132	1	4.174595789	4.731805681	5.747729726	4.037257733	8.454802186	8.573128834	30.39316964	9.533896633	41.1369207	6.529887671	
P1030071.JPG	5/25/2013	2133	1	3.422599159	5.705732994	2.653243298	5.999833498	8.143909749	8.701788379	31.30688467	9.400357706	42.295	5.779165424	
P1030073.JPG	5/25/2013	2136	1	4.974254718	5.685438418	3.835797961	4.479382212	7.223085006	8.678365341	30.30881908	8.958963389	40.106	4.981375312	
P1030074.JPG	5/25/2013	2141	1	2.8941142	4.706591229	3.425802826	4.83323101	10.1913507	8.616649581	30.2534284	9.961124083	39.57091817	5.778975688	
P1030075.JPG	5/25/2013	2145	1	4.439600207	4.636264121	3.501890347	4.064250484	8.318477325	8.410750858	30.14645798	9.016437933	40.528	5.628320709	
P1030076.JPG	5/25/2013	2146	1	5.729587856	4.989118259	3.479382129	6.372870625	8.683053207	8.994117633	33.02924699	8.917254342	45.728	5.515056935	
P1030077.JPG	5/25/2013	2148	1	4.700236803	4.951767361	3.372010083	4.986544395	7.410814867	7.654097007	29.76165555	8.308334911	36.08915373	5.324969577	
P1030078.JPG	5/25/2013	2150	1	4.042614129	5.323393279	3.726760658	5.196228729	7.737835485	8.44340127	28.25542668	8.283983704	39.712	5.359135471	
P1030079.JPG	5/25/2013	2154	1	3.507506522	4.76702811	2.77556787	4.218171286	6.512070715	6.964050904	24.49153537	5.606901462	28.320153	4.339223087	
P1030080.JPG	5/25/2013	2156	1	4.681963904	5.118074345	5.732368446	3.41614988	8.597643049	8.101723582	28.18656015	7.980005138	36.967	5.075245905	
P1030081.JPG	5/25/2013	2200	1	3.92586933	5.444157419	3.264684365	5.100281561	7.702815394	7.956716534	28.90200521	7.375532523	32.313	5.41153444	
P1030082.JPG	5/25/2013	2202	1	4.893790453	4.892659502	3.021268111	4.748203555	10.23740226	9.651972026	32.14636317	10.32027156	44.228	6.515129009	
P1030083.JPG	5/25/2013	2203	1	4.693430302	5.622264313	3.809209892	5.915500993	8.531845346	8.63218912	30.19845196	9.057035332	38.579	5.787423693	
P1030084.JPG	5/25/2013	2204	1	3.643109935	4.25156971	2.682498276	5.589771462	8.796204636	9.018748915	31.93705843	9.537564993	44.707	6.01206329	
P1030085.JPG	5/25/2013	2205	1	3.953340486	4.136190155	2.866816004	4.271073987	8.421931845	7.674143144	24.8375014	6.871049556	31.17900961	4.587012317	
P1030086.JPG	5/25/2013	2206	1	5.567931393	5.684764199	3.458676336	6.099685566	9.266647992	8.908576766	31.33675341	9.602575175	NA	5.944091857	
P1030087.JPG	5/25/2013	2209	1	5.723584978	5.345827532	3.740974472	6.019924003	8.590278517	9.099967692	32.66802651	9.644369394	42.066	5.97445395	
P1030088.JPG	5/25/2013	2210	1	4.526169462	4.185010514	1.84423697	5.839664802	7.912807972	8.045338029	26.37339282	8.123758059	36.543	5.955495781	
DSCN3202.JPG	5/29/2013	2032	2	4.211	5.392225978	2.815807699	6.389707114	8.615503061	8.851359783	30.75618073	9.947895506	46.16845496	6.096524912	
DSCN3203.JPG	5/29/2013	2033	2	3.948790321	5.118079034	2.322617704	7.615516923	6.812650732	8.341483082	28.02697422	8.083713565	37.099	4.86011862	
DSCN3204.JPG	5/29/2013	2034	2	4.689908315	6.163129075	2.889622986	5.536325135	8.599703367	8.313884772	26.68804144	8.331342569	38.599	5.18345927	
DSCN3206.JPG	5/29/2013	2037	2	4.504816644	4.848321875	2.93237958	5.176698658	8.703566281	8.187791216	28.43343841	7.635848348	36.812	4.56436644	
DSCN3207.JPG	5/29/2013	2038	2	4.610800907	4.317844485	2.746154584	4.436514961	7.614118465	8.11528835	26.38443725	6.793168627	33.59978882	4.722674772	
DSCN3208.JPG	5/29/2013	2039	2	5.35674388	6.155000731	3.718814462	5.305588092	8.251453751	9.102453735	32.88035756	11.10779204	48.145	6.828980671	
DSCN3209.JPG	5/29/2013	2043	2	4.472509139	4.974869345	3.081319523	5.572443988	8.313729608	8.80518813	32.04434031	9.002102699	42.56262398	5.816269767	
DSCN3210.JPG	5/29/2013	2056	2	4.81758207	5.114688358	3.325292468	5.856888594	7.599136859	8.11001603	28.17423051	7.301330358	37.39339113	4.576505217	
DSCN3211.JPG	5/29/2013	2058	2	4.964565741	5.730651097	3.188451819	5.565198469	8.655955002	8.998988665	33.31842879	9.345466334	40.147	5.669238485	
DSCN3212.JPG	5/29/2013	2101	2	4.399423258	4.865655249	2.871919915	4.884368946	7.07590503	7.653563353	25.30944569	6.654959429	35.95240639	4.332597373	
DSCN3213.JPG	5/29/2013	2102	2	4.755033228	6.222199691	3.157909435	4.759691587	8.030951687	8.918034873	33.28552522	9.804651345	49.18179778	6.18797778	
DSCN3214.JPG	5/29/2013	2105	2	3.380201917	5.250082761	3.345613546	6.117635654	9.266956027	10.43208445	31.65963722	10.22868051	45.604	6.379345186	
DSCN3215.JPG	5/29/2013	2107	2	NA	NA	3.367592612	5.712836423	9.29768127	9.058664802	31.95541589	9.746753972	40.099	6.478722096	
DSCN3216.JPG	5/29/2013	2109	2	5.285483705	4.890750147	3.487287341	6.003379881	7.921867709	8.413195588	26.62211389	7.491861518	34.63346966	4.466354442	
DSCN3218.JPG	5/29/2013	2113	2	4.135493683	4.912197064	2.907298402	5.33132929	6.99892106	7.961430274	28.11735274	7.752562544	35.47177746	4.744088637	
DSCN3219.JPG	5/29/2013	2120	2	4.392726943	5.301000377	3.257141385	4.759383574	8.006519344	8.649348473	31.71083704	8.350650514	42.23509349	5.41531061	
DSCN3220.JPG	5/29/2013	2123	2	4.275740871	4.472975073	2.687787194	5.052769637	7.554627324	7.899355543	26.57273928	7.294865729	34.60537023	4.847816003	
DSCN3221.JPG	5/29/2013	2126	2	4.257250991	4.589103616	2.153482064	5.764013619	7.088924107	7.841414668	23.63397091	6.18095656	30.153	4.389692017	
DSCN3224.JPG	5/29/2013	2127	2	4.353505714	5.251221287	2.856841963	6.265092258	7.94784562	8.358464572	28.09099366	8.328916496	34.484	5.389663626	
DSCN3226.JPG	5/29/2013	2130	2	4.661970828	5.255085347	2.185334986	6.467865568	9.193069128	9.279947468	32.2251121	10.63293736	39.915	6.663798616	
DSCN3231.JPG	5/29/2013	2131	2	4.212260676	4.91801952	2.449083502	6.443204482	8.240013653	8.267286919	29.59738428	8.155600775	40.881	5.785704451	
DSCN3232.JPG	5/29/2013	2136	2	4.569660819	5.744499282	2.956420133	5.144519608	6.824367004	7.94099893	26.0469002	7.880900583	27.174	5.510209161	
DSCN3233.JPG	5/29/2013	2139	2	4.583432011	4.728015228	3.275597655	5.600664603	7.780734798	8.158800525	25.42072503	7.050010213	32.15908904	4.647401424	
DSCN3234.JPG	5/29/2013	2140	2	4.053600005	5.141684743	3.127722814	5.174549449	8.20203999	8.469762748	30.01806644	9.343492388	39.62901882	5.793908871	
DSCN3235.JPG	5/29/2013	2144	2	4.930010142	4.691774185	3.072798236	5.772347876	8.406833233	7.833858883	26.5904981	8.136458443	37.617	4.790446535	
DSCN3241.JPG	5/29/2013	2148	2	3.941563395	5.770125909	3.265510067	5.860806259	7.795714271	8.564243107	29.58919026	9.477	38.793	5.75615931	
DSCN3242.JPG	5/29/2013	2152	2	4.69584806	5.17117008	3.27595177	5.760556223	8.936334204	9.103008788	32.73206639	9.349071505	44.722	6.144615936	
DSCN3245.JPG	5/29/2013	2159	2	3.879651788	4.277167871	3.117242371	6.358363626	8.87846935	8.111939657	30.8271681	9.002965123	38.826	5.84257546	
DSCN3247.JPG	5/29/2013	2200	2	3.750517431	5.396547878	3.016992045	4.878710998	6.998669159	7.723373939	24.6089888	7.189	33.303	4.446216481	
DSCN3248.JPG	5/29/2013	2206	2	3.698757224	4.268140227	3.235642286	4.872074815	7.437498303	7.401348661	26.18973518	6.931273548	35.75809396	4.532949261	
DSCN3249.JPG	5/29/2013	2207	2	4.999753594	5.787881305	3.021165669	5.571232628	7.417300857	8.274974622	29.02311785	8.026786406	36.12414629	5.164216204	
DSCN3250.JPG	5/29/2013	2209	2	4.56253263	4.542257699	2.441942055	5.141094825	7.74602143	8.42530765	29.44067216	8.655954309	41.895	5.490268208	
DSCN3252.JPG	5/29/2013	2212	2	3.046193198	5.868717918	3.602896612	6.543895017	8.323129279	9.086374249	29.0837079	9.950499937	41.56467954	6.232032092	
DSCN3254.JPG	5/29/2013	2213	2	4.49056266	5.11235836	3.183361902	5.642291113	8.24763263	7.879276426	28.57839621	6.938825549	37.04834654	4.612249776	
DSCN3256.JPG	5/29/2013	2214	2	4.460767759	5.710640682	2.888649858	5.051262218	9.428721069	8.54374748	30.77543803	9.665448257	42.73	5.778547309	
DSCN3257.JPG	5/29/2013	2219	2	4.28148222	5.210034645	2.937536553	5.92678142	9.766489697	8.690015017	28.56720784	9.106734651	39.161	5.179500459	
DSCN3258.JPG	5/29/2013	2223	2	4.649735584	5.174520074	3.105360044	4.334772197	8.412218019	8.813603406	25.41736385	9.91697958	33.131	5.782836069	
DSCN3259.JPG	5/29/2013	2226	2	4.980452289	4.609488583	2.806534162	5.666419328	7.491956353	8.362937283	29.95234308	8.373417582	38.062	5.323074675	
DSCN3260.JPG	5/29/2013	2227	2	4.825973477	4.714085383	2.644000756	6.199182285	9.893773244	9.31239604	34.16562256	10.46243385	48.79922476	6.511166178	
DSCN3262.JPG	5/29/2013	2228	2	4.56372096	5.479061325	3.304803322	5.441803561	9.112671288	9.278983781	30.211163	10.82160381	NA	6.242515679	Truncated in picture
DSCN3263.JPG	5/29/2013	2230	2	4.54423811	4.475178767	3.147935355	5.565983112	7.617785768	8.840020645	31.27120042	8.791544859	41.634	5.618539401	
DSCN3266.JPG	5/29/2013	2231	2	4.480188612	4.888010843	3.097	4.443154848	8.114819098	8.277844768	27.93035447	7.047043706	35.03528874	5.160042248	
DSCN3268.JPG	5/29/2013	2232	2	4.10997871	4.444409747	2.651015843	5.437795969	7.387936248	7.899057665	26.34661225	7.597026326	35.83273302	4.615695831	
DSCN3269.JPG	5/29/2013	2238	2	4.853231192	4.149483944	3.464607626	5.083872638	8.2966712	8.395194399	28.8362393	7.12512456	36.87131484	4.576	
DSCN3270.JPG	5/29/2013	2242	2	4.748445219	4.458829443	2.296525419	6.063239068	9.149619063	8.41773188	26.36177695	7.020539153	30.412	4.929001927	
DSCN3271.JPG	5/29/2013	2245	2	5.387740992	4.819685986	2.844270381	4.961267983	9.119781796	9.22195668	32.1714458	9.79539014	42.205	6.144640998	
DSCN3272.JPG	5/29/2013	2246	2	4.343011513	4.794303703	2.895408952	5.118050117	9.822758319	8.721137655	30.10386427	8.73539358	42.076	5.911187783	
DSCN3273.JPG	5/29/2013	2247	2	4.752890489	4.566049058	2.601575292	5.465473173	8.016643313	8.729450899	29.09277305	8.518040737	38.14137996	5.158095094	
DSCN3274.JPG	5/29/2013	2249	2	4.537483003	4.379731727	3.105717308	4.401210061	7.28389216	8.236294434	26.85136753	7.524012892	35.918	5.257429981	
DSCN3307.JPG	6/2/2013	2017	3	4.115676372	5.101589556	3.332360275	5.913434535	8.462795578	8.539710124	28.99601747	8.454435641	35.753	5.26450615	
DSCN3308.JPG	6/2/2013	2020	3	4.330822093	5.108141149	2.997425062	6.221689883	6.638051295	8.072984702	27.45938268	7.287798364	35.27345978	4.393071135	
DSCN3309.JPG	6/2/2013	2024	3	4.864156659	5.294712551	2.925070939	7.005052177	7.891223796	8.581959275	31.64557013	9.460352636	45.069	6.225124738	
DSCN3310.JPG	6/2/2013	2027	3	4.569341747	4.672562145	2.961616619	5.407889884	8.74201121	8.424133071	31.79604757	9.222170027	42.043	5.704265159	
DSCN3311.JPG	6/2/2013	2029	3	4.304121397	4.976335198	2.10920696	6.174313565	9.437060612	9.10272234	28.53928079	8.513981736	38.84521537	5.427317938	
DSCN3312.JPG	6/2/2013	2032	3	4.344038904	4.584640117	3.128774361	4.76068787	7.585279428	8.309641448	27.48722767	8.407481728	37.898	5.009533811	
DSCN3313.JPG	6/2/2013	2039	3	4.141353523	4.936570166	3.374064018	4.824650868	8.04600783	8.190695025	27.15264646	7.32472095	34.27361603	4.740749519	
DSCN3314.JPG	6/2/2013	2044	3	3.818372428	4.198172221	2.62416158	5.258334337	7.886966781	7.398544249	26.40332739	7.020981484	38.92	4.422852586	
DSCN3315.JPG	6/2/2013	2048	3	4.474112761	5.462104082	2.903244564	5.355599033	8.37890327	8.831087419	31.13587057	9.989247219	40.13366145	5.942712175	
DSCN3316.JPG	6/2/2013	2050	3	4.676831085	4.627866571	3.228037329	5.779173384	8.841372857	8.642468282	28.04000401	8.539561815	39.12297586	5.332240242	
DSCN3317.JPG	6/2/2013	2052	3	4.276346338	4.833283149	3.124811834	5.248950085	9.966495272	7.917945251	27.98531876	8.267051772	36.545	4.882971636	
DSCN3318.JPG	6/2/2013	2058	3	4.793195698	5.667758728	3.309655269	6.819708571	10.37364815	9.158445556	34.09014821	10.01653683	41.266	5.899432515	
DSCN3319.JPG	6/2/2013	2102	3	4.676329864	5.245308856	3.400476437	4.987405939	8.027350808	8.4631259	29.49974634	8.268354431	39.453	5.254613687	
DSCN3320.JPG	6/2/2013	2105	3	4.526758222	5.281781707	3.257961479	6.04084365	8.575663531	8.880711514	30.80266133	10.2212399	44.728	5.833569833	
DSCN3321.JPG	6/2/2013	2110	3	4.755203991	5.202730149	2.942408027	6.26448282	8.441391177	8.47308114	31.07427055	9.618494269	45.706	5.595020018	
DSCN3322.JPG	6/2/2013	2113	3	4.368981575	5.355336124	3.760203452	6.258585303	11.27218049	9.217899218	33.55165905	10.42166114	44.439	6.123000082	
DSCN3323.JPG	6/2/2013	2118	3	4.218266587	4.844347221	2.182219512	5.464235903	8.404073417	8.462074687	30.05558298	9.058156601	41.131	5.818438364	
DSCN3324.JPG	6/2/2013	2121	3	4.749202986	5.474351286	3.144980922	6.232794959	8.891542048	8.348649771	30.37609303	10.13482945	43.399	5.939095975	
DSCN3325.JPG	6/2/2013	2125	3	5.12971393	4.781894708	3.296467503	5.478599182	7.861669288	8.057399084	26.90164159	6.44169147	32.18591574	4.276331255	
DSCN3326.JPG	6/2/2013	2131	3	4.882570225	6.057177973	3.865334268	6.217022197	10.45155472	9.368773346	34.65062235	9.818439234	47.38240054	6.273592352	
DSCN3327.JPG	6/2/2013	2133	3	4.272876549	4.294865888	2.414866042	5.99611149	8.8608727	8.140504407	25.25361513	7.871293731	30.513	5.165162727	
DSCN3328.JPG	6/2/2013	2136	3	3.627936328	3.966024962	11.98519257	1.959045941	73.88293857	8.065275817	25.70236553	11.66809706	25.716	2.365277362	
DSCN3329.JPG	6/2/2013	2145	3	4.257473664	4.145054523	2.768332711	4.455206505	8.275846784	8.149126334	26.67029059	6.979683732	34.00102354	4.987563433	
DSCN3330.JPG	6/2/2013	2147	3	4.459332686	4.307947655	2.261871791	5.72514812	10.02509197	8.853338466	27.17437147	8.270666237	35.38705775	5.440435369	
DSCN3331.JPG	6/2/2013	2155	3	3.8732964	4.701843256	3.006401503	4.613392786	8.202877544	8.636589199	28.36821281	7.840930876	37.05489216	5.005175322	
DSCN3332.JPG	6/2/2013	2159	3	3.764407257	5.851936517	3.462416064	5.603999286	10.75728376	8.958009824	30.58192481	9.563036808	40.6	6.053581172	
DSCN3333.JPG	6/2/2013	2200	3	5.009003594	5.024717007	3.288440664	6.312768806	9.04893386	9.47853053	32.21225942	10.25878765	42.537	5.810930734	
DSCN3334.JPG	6/2/2013	2205	3	4.406131183	4.423312107	2.9497705	4.751899094	7.197285113	7.55919288	24.209057	6.35611611	23.879	4.105044945	
DSCN3335.JPG	6/2/2013	2209	3	3.654636644	3.574348892	1.687498148	4.178639492	6.368841417	7.005014918	19.77087588	4.631533871	20.284	3.108504464	
DSCN3336.JPG	6/2/2013	2216	3	3.920593067	5.003084049	3.084367844	5.663885945	8.439779677	8.465531171	27.02650214	7.712215376	34.574	4.692264272	
DSCN3337.JPG	6/2/2013	2219	3	4.247131032	4.32465883	3.066391528	4.412221323	8.316049543	9.133443655	30.59441835	9.827189883	42.87835026	6.158374542	
DSCN3338.JPG	6/2/2013	2221	3	4.092013807	4.202336136	2.382016793	4.806558852	8.437133696	9.058283336	30.72263303	9.017871146	42.54066484	6.07797022	
DSCN3339.JPG	6/2/2013	2228	3	4.207372696	4.334727788	3.122925712	4.622372226	7.016038341	7.427388841	23.75625612	6.345544579	29.30032003	4.161723201	
P1030214.JPG	6/2/2013	2233	3	3.903452959	3.806488145	2.314	4.159884614	6.837331716	7.366225424	21.26894527	6.389423526	28.25805549	3.849589718	
P1030215.JPG	6/2/2013	2236	3	4.2650864	4.603282307	3.712510875	5.249720469	8.316549765	8.394829004	27.88932312	8.413513238	35.634	4.644207144	
P1030216.JPG	6/2/2013	2242	3	5.291733648	5.350164297	3.605727804	5.978963957	9.010654249	8.907308684	32.43418952	9.929438101	44.22974087	5.568525209	
P1030217.JPG	6/2/2013	2245	3	3.813364525	4.586411342	3.283969092	5.625706178	7.904081098	8.500753967	27.80090425	8.522210629	36.307	5.354856674	
P1030218.JPG	6/2/2013	2247	3	4.649415555	5.652329166	3.543602687	5.820242693	8.719030336	8.86661198	31.64283984	8.71130989	40.85	5.88227252	
P1030219.JPG	6/2/2013	2253	3	4.231239298	4.571079741	2.611775067	5.316071106	7.190319117	8.086627604	25.37988511	7.328362709	33.95741127	4.764	
P1030220.JPG	6/2/2013	2257	3	4.375498257	4.113107341	2.618757912	5.048629319	8.031505525	7.869016266	23.06169892	7.568016913	30.582	4.540976657	
P1030221.JPG	6/2/2013	2300	3	4.012841512	4.185988055	3.196192892	5.405708187	8.063767978	8.55769157	28.99994655	7.807236707	36.511	4.777241149	
P1030222.JPG	6/2/2013	2304	3	3.860791888	4.26567943	3.199840621	4.298200786	6.5961535	7.323612292	22.60636125	6.394774429	22.327	3.775532413	
P1030223.JPG	6/2/2013	2308	3	3.64895163	4.135495375	2.410034232	4.722275934	6.660180928	7.215114829	21.33036151	6.2500036	23.9615458	4.152973031	
P1030224.JPG	6/2/2013	2310	3	4.916071806	5.411040288	3.612037652	5.697812299	8.297898589	8.619963167	29.71295416	8.78581476	39.787	5.346879931	
P1030225.JPG	6/2/2013	2315	3	4.793254635	4.090700185	3.268499656	5.261196157	7.55847736	8.080679984	25.08956405	8.361868511	30.876	4.604064509	
P1030226.JPG	6/2/2013	2317	3	4.371439694	4.736076435	3.230278161	5.252938416	7.555688982	8.251051872	23.21787228	7.072129594	26.34963415	4.469222751	
P1030227.JPG	6/2/2013	2319	3	3.835919838	3.988403189	2.129519429	4.990958726	6.786207262	7.421588577	22.51458998	5.776779812	24.79041783	4.140975368	
P1030332.JPG	6/8/2013	2012	4	5.009892614	5.093173961	3.418947938	5.788257855	8.408595721	8.480222874	32.29658683	8.873693988	45.33308135	5.545192603	
P1030333.JPG	6/8/2013	2015	4	4.852273385	5.361788601	2.713	4.438962266	7.172122977	7.787233463	25.95785964	7.632861914	35.52781212	4.717421753	
P1030334.JPG	6/8/2013	2021	4	4.536630137	5.288643399	3.256846634	4.620560139	8.131734009	8.474196717	31.36788761	10.00086301	46.57372618	5.492640167	
P1030335.JPG	6/8/2013	2023	4	4.310258693	4.251533606	3.021000166	4.743596631	7.0608326	8.21408942	28.28762401	8.079237897	35.8764679	4.928021104	
P1030336.JPG	6/8/2013	2027	4	5.014781451	5.228696205	2.653335448	5.107704181	6.935527738	7.597022904	27.25790581	7.047698206	37.34703111	4.309320712	
P1030337.JPG	6/8/2013	2032	4	4.512360026	5.151357491	3.301768011	5.810853638	6.805805169	7.675756966	27.45040069	7.55503501	34.465	4.681653127	
P1030338.JPG	6/8/2013	2037	4	3.851560852	4.137499366	2.539255403	5.78538201	6.865665955	7.939081622	26.01700623	7.159442576	31.88705532	3.9264582	
P1030339.JPG	6/8/2013	2039	4	4.401543366	5.277977832	2.075379483	5.239386319	8.865822917	8.405243245	29.89000744	9.394247708	40.21623518	5.887391613	
P1030340.JPG	6/8/2013	2045	4	4.077084865	3.887185743	3.002615527	4.965597044	8.401993632	8.850144462	28.71000564	7.825405101	31.66504461	5.162683992	
P1030341.JPG	6/8/2013	2047	4	3.670393167	4.712565013	2.907423946	4.754913669	8.062170675	7.600741082	26.15933686	7.823245682	34.424	4.460922326	
P1030342.JPG	6/8/2013	2051	4	3.660148221	4.279317936	2.457325579	4.596306343	6.531677426	7.910794777	26.01761534	6.541634352	29.75613271	3.924406962	
P1030343.JPG	6/8/2013	2057	4	3.864415092	4.522127818	2.756483448	5.495190352	6.626529257	8.260516328	28.73469276	8.546474419	36.44767351	4.832126757	
P1030344.JPG	6/8/2013	2101	4	4.33531406	4.23245756	2.718061258	4.827583764	7.148995524	7.669936245	25.55384828	6.841179504	31.44432365	4.586118729	
P1030345.JPG	6/8/2013	2104	4	3.831495008	3.686445578	2.751260257	4.105012789	7.276431062	7.418389313	24.31442339	6.728541149	27.633	4.549058144	
P1030346.JPG	6/8/2013	2118	4	4.282325069	4.411954782	3.085	5.299160877	8.000347805	8.709672152	27.89170015	9.318825033	35.77517101	4.962551158	
P1030347.JPG	6/8/2013	2120	4	4.050654885	4.448870643	3.222983245	5.035453207	7.613071982	7.854602982	26.36729688	8.174493318	31.221	4.785023511	
P1030348.JPG	6/8/2013	2124	4	4.64670636	4.345561068	2.67326093	5.118288777	6.338078337	7.237300947	26.85402623	7.494130837	33.381	3.999072017	
P1030349.JPG	6/8/2013	2126	4	4.017918367	4.673552182	2.720825059	4.556902676	6.911811485	7.936905253	27.54690554	8.491920042	32.27659031	4.74100791	
P1030350.JPG	6/8/2013	2132	4	4.194878425	4.499259717	2.860109264	4.942968541	8.435161883	8.709560092	32.04034646	9.779025003	42.995	6.374389383	
P1030351.JPG	6/8/2013	2136	4	4.523227277	3.836770778	3.076466317	4.633470082	6.873059653	7.508848447	24.74261057	6.675593232	30.8215055	4.480264278	
P1030352.JPG	6/8/2013	2143	4	3.447892835	4.070577969	2.848385508	4.362286556	5.71690983	7.27555613	25.0510903	6.033829464	28.868	3.659283263	
P1030353.JPG	6/8/2013	2146	4	4.740469386	4.5757654	2.658616181	5.364013423	7.338095189	8.012406942	27.00969789	7.841315323	35.93411318	5.327726814	
P1030354.JPG	6/8/2013	2152	4	4.182866601	3.676003264	2.59346043	3.863584087	6.898885272	7.279257448	22.46145269	5.703038664	27.694	3.653982074	
P1030356.JPG	6/8/2013	2155	4	3.786897939	3.77937561	3.071179741	4.419467162	6.88521699	7.28636878	23.51282325	5.207160935	27.238	3.562204093	
P1030357.JPG	6/8/2013	2203	4	4.774577782	4.611283986	3.318265209	4.927463648	8.024062624	8.706847076	28.96521964	9.46216006	37.233	5.172534582	
P1030358.JPG	6/8/2013	2206	4	3.816351268	3.980086682	3.148006512	4.500620068	7.404673119	7.81736407	21.97999386	6.877365339	29.081	4.404	
P1030359.JPG	6/8/2013	2212	4	3.876037281	3.881705424	3.388073494	4.19573891	7.556409531	7.889310363	22.96863797	7.039788775	29.173	4.418916609	
P1030360.JPG	6/8/2013	2216	4	4.423510145	4.762213981	2.705237882	5.777094512	7.812772747	8.224784496	28.69130743	8.289331758	36.883	5.745977811	
P1030361.JPG	6/8/2013	2219	4	4.377202417	4.823147209	3.530660278	4.956605693	9.122059691	8.952819109	32.80011963	10.01793472	44.308	6.078047795	
P1030362.JPG	6/8/2013	2225	4	4.535754072	4.227828048	3.041339343	NA	6.568238729	7.517308361	22.96068303	7.070972352	26.76992809	3.736600594	
P1030363.JPG	6/8/2013	2228	4	3.985414408	4.348973442	2.704565215	5.443831096	7.030687022	7.440581227	24.02013208	6.817620773	31.23	4.15925438	
P1030364.JPG	6/8/2013	2235	4	5.63870987	4.979386508	4.055702775	6.201244391	9.63020898	9.043014818	32.2724016	10.4743712	43.482	6.02249093	
P1030365.JPG	6/8/2013	2245	4	4.116070092	4.82189693	3.241039494	5.382461333	7.359782945	7.601447823	24.55415574	6.597843436	28.542	4.097397345	
P1030366.JPG	6/8/2013	2248	4	4.782113863	4.567126558	3.320142919	6.678713424	8.582610151	9.217315227	34.56848688	10.12138824	44.417	6.272797143	
P1030367.JPG	6/8/2013	2252	4	3.933018307	4.567341897	2.82158856	4.364788655	7.901818778	8.076816823	28.53770226	8.543103242	37.152	4.915179447	
P1030368.JPG	6/8/2013	2258	4	4.969882091	4.321142442	3.459739875	5.887370636	8.454840034	8.493812454	33.66197047	9.006642493	41.76859975	5.571462465	
P1030369.JPG	6/8/2013	2301	4	4.07786525	4.758386281	2.922930037	5.34174026	7.866376866	8.129534919	26.76566114	7.497233623	35.33651722	4.996354871	
P1030370.JPG	6/8/2013	2307	4	4.841268635	4.469369195	2.905890569	6.246912597	7.569698079	8.030479562	26.46287093	8.379665984	30.61276951	4.993201879	
P1030371.JPG	6/8/2013	2310	4	4.332812482	5.407599282	2.889123916	5.35738033	7.79884562	7.983647913	30.22100438	10.11818249	43.219	6.307237826	
P1030372.JPG	6/8/2013	2316	4	4.213794608	4.490023831	3.187407254	4.327132076	7.280161605	7.765262133	23.49674165	6.740311343	28.09995383	3.95326498	
P1030373.JPG	6/8/2013	2338	4	4.076016192	4.231009572	2.543257753	5.275120946	7.407201428	7.830725381	26.64444482	8.142154813	37.55302462	5.554115321	
P1030374.JPG	6/8/2013	2340	4	3.935739448	5.054277495	2.80645114	5.902567662	7.526006245	8.622220712	30.42490329	9.282286895	37.04003705	5.528839028	
P1030375.JPG	6/8/2013	2342	4	3.924723812	4.113948225	2.557778919	5.351823801	7.989269366	8.260416999	28.85938012	8.51551349	37.68478511	5.142208475	
P1030376.JPG	6/8/2013	2344	4	4.8990396	4.408477742	3.835430224	6.008248081	8.627139503	9.081614064	30.04303202	10.20940865	40.872	5.873717477	
P1030377.JPG	6/12/2013	1644	5	5.012899859	4.119078174	3.0230478	4.029769348	6.106737427	7.263656448	23.32007378	5.741065581	29.644	3.844333622	
P1030378.JPG	6/12/2013	1647	5	4.712812854	4.194657793	3.263308904	4.963002418	8.340446151	8.390007032	29.55846901	7.976817661	38.80888625	4.994860158	
P1030379.JPG	6/12/2013	1652	5	4.580904932	3.790922975	3.411600211	4.147039064	7.006277328	7.623709399	25.07917901	6.349882676	33.369	4.226986279	
P1030380.JPG	6/12/2013	1653	5	3.912050102	3.36544945	2.579401869	4.461009975	6.601146643	7.204975087	21.14700641	5.177044717	25.59124542	3.296134251	
P1030381.JPG	6/12/2013	1700	5	4.869529135	4.310651227	3.292196379	5.2367129	7.234590037	7.848742192	27.17593483	8.661369695	32.72	4.906742402	
P1030382.JPG	6/12/2013	1701	5	4.213761384	3.674629913	3.218050341	3.588257098	6.848227581	7.253980011	23.35763558	6.073989134	23.775	4.07130888	
P1030383.JPG	6/12/2013	1704	5	4.472301645	4.194611067	2.250049999	4.792040484	6.080553429	7.217062353	23.82382096	6.103673402	24.576	3.151571195	
P1030384.JPG	6/12/2013	1706	5	4.42124055	4.753546991	2.980113085	4.673513988	7.125020491	7.584870269	27.40349543	6.950956265	32.72545114	4.384883693	
P1030385.JPG	6/12/2013	1709	5	4.508386075	3.765072244	3.45713523	3.03060555	6.340607621	6.554065761	22.37173221	5.885142819	27.631	3.732391325	
P1030386.JPG	6/12/2013	1712	5	4.129717908	3.859430657	2.662800218	4.430769233	6.799110604	7.727683353	24.25979689	6.696818648	30.902	4.500226772	
P1030388.JPG	6/12/2013	1716	5	4.110546071	4.122000485	2.946421898	4.331982572	6.522458202	7.414073442	23.1391824	7.395288365	33.87288894	4.751182169	
P1030389.JPG	6/12/2013	1718	5	4.367979853	3.838520679	3.006292235	4.448414549	7.068309062	8.149213766	25.29213257	7.590556831	29.41776207	3.995655265	
P1030390.JPG	6/12/2013	1725	5	4.800606316	4.291677994	2.619001527	4.687478747	6.21250159	7.256109495	24.69760403	6.328819479	29.89879476	3.860049352	
P1030391.JPG	6/12/2013	1728	5	4.161925156	4.657881493	3.089161699	5.076454373	7.736752936	8.283183205	29.65216581	8.003168935	38.88	5.208854961	
P1030392.JPG	6/12/2013	1735	5	4.340758574	4.790969004	3.057960431	5.638365898	7.503445675	8.74428825	29.1870651	8.697200757	35.21145498	5.197	
P1030393.JPG	6/12/2013	1737	5	3.777232982	3.294857964	2.5544518	3.9394591	6.351202248	7.125000772	22.44738938	6.060507982	26.589	3.825024967	
P1030394.JPG	6/12/2013	1740	5	4.167877277	4.619641977	3.061162688	5.000233695	6.908687936	7.75711757	27.08159938	7.665225959	26.532	4.662764845	
P1030395.JPG	6/12/2013	1741	5	3.8353683	4.098155927	2.406242922	4.930675917	6.889536777	7.52767939	26.24753766	7.81790573	33.398	4.435555997	
P1030396.JPG	6/12/2013	1749	5	3.990803052	4.247680073	3.017143185	4.612590704	6.538040226	7.684315064	25.68655105	7.116745394	28.457	3.686393631	
P1030397.JPG	6/12/2013	1751	5	4.1977463	4.440239295	2.211269545	3.453203295	7.091444493	8.152897951	25.48484815	7.211271871	31.726	4.217426822	
P1030398.JPG	6/12/2013	1754	5	4.549326544	4.423277066	2.480727716	4.16107402	6.943002593	7.803391891	26.13798359	7.807904777	35.056	4.72413717	
P1030399.JPG	6/12/2013	1800	5	4.079832962	4.086917787	3.566426923	4.571688747	7.254814195	7.875353452	25.07356514	8.818083976	35.7829137	4.68196636	
P1030401.JPG	6/12/2013	1802	5	3.801506149	3.822583681	2.585336535	3.950171768	6.398290787	6.959822555	21.22541903	5.878857372	22.828	3.145026868	
P1030402.JPG	6/12/2013	1804	5	4.146615246	4.111933	3.051764244	4.41931058	6.482677533	7.19517373	24.71741366	6.762049985	25.22339971	3.770022414	
P1030404.JPG	6/12/2013	1811	5	4.257875761	4.164906361	2.378103446	4.193898664	5.604780281	6.708991131	24.13799016	5.172974869	26.54535667	3.47430986	
P1030405.JPG	6/12/2013	1814	5	4.488197077	4.23702726	3.404535798	4.844465089	6.781333866	7.824808368	26.70677257	6.304016656	32.2028686	4.298763194	
P1030406.JPG	6/12/2013	1816	5	4.589907406	5.457669924	3.847929573	4.775175913	7.196110686	7.384102992	24.52748835	6.632452412	31.239	4.133251142	
P1030407.JPG	6/12/2013	1827	5	3.828269191	4.133805148	2.415215311	4.398058776	6.05352864	7.200926885	22.61482472	6.960632227	27.419	3.919260772	
P1030408.JPG	6/12/2013	1830	5	4.624837835	4.723071035	2.798168866	5.632055575	6.787835148	7.728639984	26.98320635	7.583674373	31.942	4.61039879	
P1030409.JPG	6/12/2013	1831	5	5.162150133	4.755679552	3.448846764	5.501348925	7.778382158	8.872427233	31.0490581	9.780046728	45.474	5.806193245	
P1030410.JPG	6/12/2013	1837	5	4.518833478	5.687353163	3.136733651	5.998370195	7.891910098	8.295134116	32.41156807	10.60049456	35.689	6.252200653	
P1030411.JPG	6/12/2013	1839	5	3.26858578	3.740761553	2.46900891	4.044939555	6.777838298	7.197095525	22.96207099	6.746890024	28.136	4.099123809	
P1030412.JPG	6/12/2013	1844	5	5.657740273	4.994754148	3.033708786	6.059855526	9.224446216	9.449370879	34.87538871	10.23594617	47.219	6.35470613	
P1030413.JPG	6/12/2013	1846	5	4.81969885	4.567614038	NA	NA	7.735972919	8.534334479	32.01983801	9.649531077	36.759	6.183893029	
P1030414.JPG	6/12/2013	1847	5	3.737030506	3.672419638	2.35145742	4.103216421	6.827167861	7.250463778	21.069	6.441025151	29.79	4.31534483	
P1030415.JPG	6/12/2013	1848	5	4.327771713	3.881854454	2.289297272	4.334967705	6.068699119	7.311659798	23.52755954	6.378920363	29.31832473	4.010468801	
P1030416.JPG	6/12/2013	1850	5	4.395786392	4.409924376	3.025842362	4.988987272	9.399600257	8.79124775	30.2588242	8.700137987	37.528	5.531122309	
P1030417.JPG	6/12/2013	1853	5	4.176766213	3.90740131	1.98326801	4.748682554	6.035116072	7.310702429	23.45137926	5.97986831	31.00438048	4.075115336	
P1030418.JPG	6/12/2013	1900	5	3.937036576	3.94632652	2.9270041	3.728458395	6.778943649	7.124387693	22.90495021	6.050762927	26.92	3.671013484	
P1030419.JPG	6/12/2013	1902	5	4.62266341	4.077946787	2.962979919	5.140610275	7.576292299	8.164086477	27.50476544	7.730049676	33.471	4.753331148	
P1030420.JPG	6/12/2013	1904	5	4.146757046	3.859801549	3.200613222	5.080644939	6.999326039	7.162012287	23.98631537	6.323334089	29.456	3.932053153	
P1030421.JPG	6/12/2013	1909	5	5.172156707	17.8717949	5.4732251	9.955326866	8.594703718	8.718462709	30.24325383	16.83049405	43.361	132.9799988	
P1030422.JPG	6/12/2013	1911	5	4.740675057	5.286117384	2.738482061	4.998361432	9.369502495	8.386283325	29.71729148	8.890252471	37.959	4.573799405	
P1030423.JPG	6/12/2013	1912	5	4.489396953	4.494982981	2.585794462	5.51776993	7.857662566	8.505823241	29.14109677	8.283133767	37.403	4.532894991	
P1030424.JPG	6/12/2013	1924	5	4.715365203	4.568394138	3.457266695	5.451701478	8.311099205	8.503331347	32.75583644	8.119572033	44.16258367	5.187940343	
P1030425.JPG	6/12/2013	1927	5	4.060321416	4.302607233	3.499463387	3.833719995	7.406285979	7.572232498	27.72474436	7.20833025	30.4948694	4.414997169	
P1030426.JPG	6/12/2013	1929	5	4.180201072	4.483962199	2.86517434	5.210113243	8.504493224	8.811661591	32.89326025	9.585663722	36.269	5.362346968	
P1030427.JPG	6/12/2013	1931	5	4.406489419	4.245026384	2.730018315	5.477867925	7.797555322	8.082035635	27.1291007	8.75951671	33.26961384	4.885803209	
P1030428.JPG	6/12/2013	1935	5	4.189621582	4.033643142	3.172891426	4.303246449	8.413547706	8.628048447	27.4091349	7.937250028	35.648	4.686312516	
P1030429.JPG	6/12/2013	1936	5	5.043090521	3.909067664	3.110156427	4.784998642	9.499347609	7.592384737	26.77564042	7.65662935	33.816538	4.289215546	
P1030430.JPG	6/12/2013	1939	5	4.862446504	4.411980281	2.39431368	4.73380027	7.352945872	7.875746377	26.11705399	6.565201368	33.155	4.508273395	
P1030431.JPG	6/12/2013	1942	5	4.988375688	5.04410557	3.82915095	5.634968855	9.249905135	9.346025893	31.646083	9.46040274	42.05032965	5.514842246	
P1030432.JPG	6/12/2013	1945	5	4.573	4.434538307	3.189655781	5.215591721	9.50568714	8.90033269	31.63135094	9.978092653	42.01017746	6.345809483	
P1030433.JPG	6/12/2013	1946	5	5.569276434	5.268413518	2.535943217	6.756773786	8.25436636	8.96507111	29.7512626	8.731631348	40.00860214	5.634505125	
P1030434.JPG	6/14/2013	1558	6	4.564835375	4.322000694	2.517120776	4.281400005	6.545565598	7.20356148	23.18665687	6.100453508	28.55679655	3.610269796	
P1030435.JPG	6/14/2013	1600	6	4.867329863	4.252605437	3.1601799	4.376743081	7.077741236	7.511117693	24.92427479	6.712285825	31.732	4.644129305	
P1030436.JPG	6/14/2013	1604	6	4.851944146	5.091954536	2.839474071	4.957773391	9.261057229	7.864000254	28.46149899	8.131820522	33.17783757	5.035824163	
P1030437.JPG	6/14/2013	1606	6	4.474536959	4.200739221	3.107975708	3.80335076	6.588801788	7.243286616	22.78725547	6.673836453	23.93910034	3.766068109	
P1030438.JPG	6/14/2013	1611	6	4.659067074	4.414562379	2.740079013	5.47770545	7.851359436	8.089749378	26.48750505	7.096406485	30.224	4.30956854	
P1030439.JPG	6/14/2013	1613	6	3.606146558	4.439676227	3.196057728	5.169547079	7.832405122	8.272673691	28.0141004	8.311150402	32.013	4.905254835	
P1030440.JPG	6/14/2013	1617	6	4.122291232	4.44260104	3.25952788	5.126169428	7.053011981	7.423142529	24.58285836	6.502033913	29.41826426	3.799539446	
P1030441.JPG	6/14/2013	1620	6	4.649551054	4.399424167	2.954376415	4.354444396	6.54627627	7.608570431	23.85021769	7.323050526	31.125	4.428669439	
P1030442.JPG	6/14/2013	1625	6	4.438676943	4.079499111	3.158712554	4.708902632	7.262936114	7.890837725	24.20508777	7.016758582	30.674	4.276011459	
P1030443.JPG	6/14/2013	1627	6	4.455670544	4.197326768	2.886847415	4.672346734	7.419366887	7.299	22.53665071	5.626831524	24.14917746	3.712757735	
P1030444.JPG	6/14/2013	1633	6	4.86846105	4.43378811	2.958716783	4.591599503	6.267041487	7.252703289	23.14203286	6.362001965	28.248	3.984060743	
P1030445.JPG	6/14/2013	1637	6	4.434150764	3.987697707	2.6283394	4.495278078	6.127219353	7.084684114	23.57795962	7.325009829	29.613	3.965138207	
P1030446.JPG	6/14/2013	1641	6	4.458902107	4.024555876	2.859807336	3.952939413	6.573307539	7.387948024	23.17628074	5.582988626	25.13891336	3.344388883	
P1030447.JPG	6/14/2013	1643	6	4.502093402	4.030467095	3.363237131	5.113829289	7.634059274	8.119174589	27.00370349	8.488300772	35.197	5.213435336	
DSCN3463.JPG	6/14/2013	1646	6	3.979552236	4.468284794	3.449790283	5.413927225	7.137135069	7.979857768	26.80792191	7.705084555	31.32364157	4.150405281	
DSCN3464.JPG	6/14/2013	1649	6	4.220178788	3.260060889	2.62904165	3.43017434	6.519897699	7.173491828	21.20512565	5.121099979	19.968	2.384	
DSCN3465.JPG	6/14/2013	1654	6	5.001956617	4.441016213	3.102789713	4.719392863	6.891581023	7.826	25.95192864	7.923294769	28.877	4.276511779	
DSCN3466.JPG	6/14/2013	1657	6	3.842106323	4.032265492	2.680862548	4.698467835	6.280574018	6.863798147	22.18922362	6.525492472	23.028	3.716557547	
DSCN3467.JPG	6/14/2013	1701	6	4.29595263	3.955189629	2.796020744	4.631192719	6.71772856	7.461718971	23.73424743	6.525096551	25.63198246	4.277222463	
DSCN3472.JPG	6/14/2013	1706	6	2.515741044	4.016337262	2.847995787	5.116291333	5.497020466	6.59988462	21.30795293	5.464832385	21.35103051	3.194309472	
DSCN3473.JPG	6/14/2013	1706	6	4.523182176	4.566467344	2.364786883	4.824289585	7.051480766	8.141449625	28.08920682	8.605347756	36.878	5.256749566	
DSCN3474.JPG	6/14/2013	1709	6	3.202891974	4.431546118	3.023800258	4.535294478	6.941302832	7.574994785	25.26778997	7.13440481	31.475	3.9130184	
DSCN3475.JPG	6/14/2013	1712	6	4.137383835	3.631346307	3.044631341	3.919020924	6.361283282	7.411439806	23.22417163	6.42415761	21.55702078	3.667069129	
DSCN3479.JPG	6/14/2013	1722	6	5.324143499	4.741921235	3.350880631	5.055472283	7.317828708	8.500623095	28.36771069	8.018651383	33.0645655	4.750417771	
DSCN3480.JPG	6/14/2013	1724	6	4.269085382	4.433701163	2.934918738	5.017355578	7.634041459	8.109667872	27.33885347	7.664877429	36.124	4.927601648	
DSCN3481.JPG	6/14/2013	1729	6	3.634753362	3.934009659	2.801386264	3.963514097	6.528904732	7.388060909	23.25491019	6.82599751	25.06575852	3.679764395	
DSCN3482.JPG	6/14/2013	1730	6	4.023126272	3.724602663	2.308150125	4.27820675	7.604245788	8.009779647	26.94873273	7.197780561	30.5351177	4.579924126	
DSCN3483.JPG	6/14/2013	1732	6	3.628937586	3.470971766	2.573188295	5.338478529	6.359684269	7.039230072	21.7108703	5.97983177	25.993	3.187791242	
DSCN3484.JPG	6/14/2013	1738	6	4.360514763	3.627411336	2.940841546	3.850629169	6.832346742	7.154549951	23.68171489	5.768424742	23.21912113	3.315738982	
DSCN3487.JPG	6/14/2013	1746	6	4.450561538	4.169635476	3.1087557	5.040280349	7.359883287	8.119758248	28.17959803	7.754249996	36.145	4.679124918	
DSCN3488.JPG	6/14/2013	1749	6	4.033130422	3.949778981	2.666898011	4.060418328	7.094167323	7.500250262	22.95136201	6.407105197	28.16550131	3.618591024	
DSCN3489.JPG	6/14/2013	1751	6	4.613436138	3.535071428	3.070761795	3.91193162	6.583801334	7.508025573	22.63392862	6.39164658	24.028	3.885176186	
DSCN3490.JPG	6/14/2013	1752	6	4.129625286	4.340129606	2.747883549	4.463233917	6.900589033	7.065091719	22.88643801	7.369482614	22.78242491	3.378698122	
DSCN3492.JPG	6/14/2013	1756	6	4.450234263	3.953191748	3.426836442	4.304103275	7.87734473	7.992072572	27.62776547	6.479639033	34.644	4.552309853	
DSCN3493.JPG	6/14/2013	1758	6	4.51320518	3.899555487	2.744598331	4.554062472	7.012818692	8.02352354	26.41574019	7.064828165	34.70204735	4.310379334	
DSCN3494.JPG	6/14/2013	1801	6	3.801993688	3.143157648	2.781564488	3.846180703	6.608638967	7.248843356	22.36100912	6.186955067	22.48926813	3.683847174	
DSCN3495.JPG	6/14/2013	1803	6	3.909373863	3.765675769	2.872195676	3.519476239	6.665912091	7.337835716	22.26518596	6.244891112	24.76831018	3.715604123	
DSCN3496.JPG	6/14/2013	1808	6	3.585957334	3.787671052	3.065549543	3.668548759	6.807247094	7.357991574	21.55424065	5.315092567	24.81167018	3.539000565	
DSCN3497.JPG	6/14/2013	1810	6	3.782488202	4.347766783	2.465290449	4.728544173	7.210703156	7.84848909	26.60378404	7.290537772	32.44841278	4.74256186	
DSCN3499.JPG	6/14/2013	1815	6	4.120969303	4.489781843	2.988607201	3.677601392	6.744645877	7.181418244	21.83245016	5.346002993	25.44233867	3.577297863	
DSCN3500.JPG	6/14/2013	1819	6	3.795933745	4.290180882	2.585696231	4.75610986	7.688417588	7.667903625	25.41035783	6.734601399	31.566	4.449101145	
